world: b339dda7-0e12-48e2-99c8-d31b6a44bf65
world-name: world
x: 3.3384118128714135
y: 78.0
z: 52.35138646793521
yaw: -175.55441284179688
pitch: -0.8994101881980896
name: Spawn
lastowner: 6b935d9e-c2fe-3085-a6fa-227d8624c201
