world: b339dda7-0e12-48e2-99c8-d31b6a44bf65
world-name: world
x: 18.592204831502983
y: 71.0
z: 49.7747502316416
yaw: 93.39632415771484
pitch: 1.8006455898284912
name: Spawn
lastowner: 920970df-e7c9-3045-8330-250422362f36
